00000000000000000000000000000000
00000001111000001110001110000000
00000100111100001110001110000000
00000110011110000110001110000000
00000111001111000010001110000000
00000111100111100000001110000000
00000011110011110000001110000000
00000001111001111000001110000000
00000000111100111100001110000000
00000000011110011110001110000000
00000000001111001111001110000000
00000110000111100111101110000000
00000111000011110011111110000000
00000111100001111001111110000000
00000000000000111100111110000000
00000000000000011110011110000000
00000000000000001111001110000000
00000011111111111111100110000000
00000111111111111111110010000000
00000111111111111111111000000000
00000000000000000000000000000000
00000000000000000000000000000000
00000011010110110110000000000000
00000001010011110000000000000000
00000000000000000000000000000000
00000000000000000000000000000000
00000000000000000000000000000000
00000000111111111111110000000000
00000000111111111111110000000000
00000000111111111111110000000000
00000000000000000000000000000000
00000000000000000000000000000000